! scale 4
! matrix -0.0844 -0.2347 -0.9684 -0.6996 0.7060 -0.1102 0.7096 0.6682 -0.2238
! xmatrix .683 .683 -.2588 -.183 -.183 -.9659 -.7071 .7071 0
xmatrix .9326 .3608 -.0058 -.1183 .3209 .9397 .3409 -.8757 .3420
background 0.0 0.0 1.0 0.0 1.0 1.0
spherescale .80
default 1.0 0.0 0.66
atom N* 0.0 0.0 1.0
atom O* 1.0 0.0 0.0
atom P* 1.0 0.9 0.0
